-- CREATE EMPLOYEE DATABASE 
CREATE DATABASE IF NOT EXISTS EMPLOYEE_DB;

-- SWITCH DATABASE
USE EMPLOYEE_DB;

-- CREATE EMPLOYEES TABLE
CREATE TABLE EMPLOYEES(
EMPLOYEE_ID INT PRIMARY KEY,
FIRST_NAME VARCHAR(255) NOT NULL,
LAST_NAME VARCHAR(255) NOT NULL,
DEPARTMENT VARCHAR(255) NOT NULL,
SALARY DECIMAL(10,2) NOT NULL,
HIRE_DATE DATE NOT NULL);

-- INSERT INTO EMPLOYEE DETAILS
INSERT INTO EMPLOYEES(EMPLOYEE_ID,FIRST_NAME,LAST_NAME,DEPARTMENT,SALARY,HIRE_DATE)VALUES
(1,'SRAVANI','BODAPATI','HR',50000,'2024-5-6'),
(2,'NIRAJA','KAMANA','MARKETING',30000,'2023-2-2'),
(3,'MANISHA','SHAK','AUDIT',40000,'2025-1-19'),
(4,'LAVANYA','PONDARU','FINANCE',25000,'2022-4-29'),
(5,'MANOJ','PITANI','IT',20000,'2020-10-7'),
(6,'GANESH','ANUKULA','AUDIT',15000,'2022-12-26');

-- RETRIEVE ALL COLUMNS FROM THE EMPLOYEE TABLE
SELECT*FROM EMPLOYEES;

/*
EMPLOYEE_ID FIRST_NAME	LAST_NAME   DEPARTMENT  SALARY      HIRE_DATE
-----------------------------------------------------------------------
1			SRAVANI		BODAPATI	HR	        50000.00	2024-05-06
2			NIRAJA		KAMANA	    MARKETING	30000.00	2023-02-02
3			MANISHA		SHAK	    AUDIT	    40000.00	2025-01-19
4			LAVANYA		PONDARU	    FINANCE	    25000.00	2022-04-29
5			MANOJ		PITANI   	IT	        20000.00	2020-10-07
6			GANESH		ANUKULA 	AUDIT	    15000.00	2022-12-26
*/

-- RETRIEVE SPECIFIC COLUMN SUCH AS FIRST NAME,LAST NAME AND DEPARTMENT
SELECT FIRST_NAME,LAST_NAME,DEPARTMENT FROM EMPLOYEES;
/*
FIRST_NAME  LAST_NAME   DEPARTMENT
----------------------------------
SRAVANI		BODAPATI	HR
NIRAJA		KAMANA		MARKETING
MANISHA		SHAK		AUDIT
LAVANYA		PONDARU		FINANCE
MANOJ		PITANI		IT
GANESH		ANUKULA		AUDIT
*/					

-- FILTER ROW WHERE AUDIT DEPARTMENT USING WHERE CLAUSE
SELECT*FROM EMPLOYEES WHERE DEPARTMENT='AUDIT';

/*
EMPLOYEE_ID FIRST_NAME	LAST_NAME   DEPARTMENT  SALARY      HIRE_DATE
-----------------------------------------------------------------------
3	     	MANISHA		SHAK		AUDIT		40000.00	2025-01-19
6	        GANESH		ANUKULA		AUDIT		15000.00	2022-12-26
*/

-- USE AND CONDITION TO FILTER DEPARTMENT AND SALARY
SELECT*FROM EMPLOYEES WHERE DEPARTMENT='AUDIT' AND SALARY>15000;
/*
EMPLOYEE_ID FIRST_NAME	LAST_NAME   DEPARTMENT  SALARY      HIRE_DATE
-----------------------------------------------------------------------
3		    MANISHA	    SHAK	    AUDIT	    40000.00	2025-01-19
*/

-- -- USE AND CONDITION TO FILTER DEPARTMENT OR SALARY
SELECT*FROM EMPLOYEES WHERE DEPARTMENT='AUDIT' OR SALARY>15000;

/*
EMPLOYEE_ID FIRST_NAME	LAST_NAME   DEPARTMENT  SALARY      HIRE_DATE
-----------------------------------------------------------------------
1			SRAVANI		BODAPATI	HR	        50000.00	2024-05-06
2			NIRAJA		KAMANA	    MARKETING	30000.00	2023-02-02
3			MANISHA		SHAK	    AUDIT	    40000.00	2025-01-19
4			LAVANYA		PONDARU	    FINANCE	    25000.00	2022-04-29
5			MANOJ		PITANI   	IT	        20000.00	2020-10-07
6			GANESH		ANUKULA 	AUDIT	    15000.00	2022-12-26
*/
 
 -- SEARCH BY PATTERNS USING LIKE 
 SELECT* FROM EMPLOYEES WHERE LAST_NAME LIKE 'P%';
 /*
EMPLOYEE_ID FIRST_NAME	LAST_NAME   DEPARTMENT  SALARY      HIRE_DATE
-----------------------------------------------------------------------
4			LAVANYA		PONDARU	    FINANCE	    25000.00	2022-04-29
5			MANOJ		PITANI   	IT	        20000.00	2020-10-07
*/

-- RETRIVE ROWS IN A RANGE USING BETWEEN
SELECT*FROM EMPLOYEES WHERE SALARY BETWEEN 10000 AND 30000 ;
/*
EMPLOYEE_ID FIRST_NAME	LAST_NAME   DEPARTMENT  SALARY      HIRE_DATE
-----------------------------------------------------------------------
2			NIRAJA		KAMANA	    MARKETING	30000.00	2023-02-02
4			LAVANYA		PONDARU	    FINANCE	    25000.00	2022-04-29
5			MANOJ		PITANI   	IT	        20000.00	2020-10-07
6			GANESH		ANUKULA 	AUDIT	    15000.00	2022-12-26
*/

-- SORTING DESCENDING ORDER
SELECT*FROM EMPLOYEES ORDER BY  EMPLOYEE_ID DESC;
/*
EMPLOYEE_ID FIRST_NAME	LAST_NAME   DEPARTMENT  SALARY      HIRE_DATE
-----------------------------------------------------------------------

6		GANESH		ANUKULA		AUDIT		15000.00	2022-12-26
5		MANOJ		PITANI		IT		 	20000.00	2020-10-07
4		LAVANYA		PONDARU		FINANCE		25000.00	2022-04-29
3		MANISHA		SHAK		AUDIT		40000.00	2025-01-19
2		NIRAJA		KAMANA		MARKETING	30000.00	2023-02-02
1		SRAVANI		BODAPATI	HR			50000.00	2024-05-06
*/					

-- LIMIT THE OUTPUT TO A CERTAIN NUMBER OF ROWS
SELECT*FROM EMPLOYEES LIMIT 3;
/*
EMPLOYEE_ID FIRST_NAME	LAST_NAME   DEPARTMENT  SALARY      HIRE_DATE
-----------------------------------------------------------------------
1			SRAVANI		BODAPATI	HR	        50000.00	2024-05-06
2			NIRAJA		KAMANA	    MARKETING	30000.00	2023-02-02
3			MANISHA		SHAK	    AUDIT	    40000.00	2025-01-19
4			LAVANYA		PONDARU	    FINANCE	    25000.00	2022-04-29
5			MANOJ		PITANI   	IT	        20000.00	2020-10-07
6			GANESH		ANUKULA 	AUDIT	    15000.00	2022-12-26
*/

-- REMOVE DUPLICATES VALUES FOR A COLUMN USING DISTINCT
SELECT  DISTINCT DEPARTMENT FROM EMPLOYEES;
/*
DEPARTMENT
-----------
HR
MARKETING
AUDIT
FINANCE
IT
*/

-- USE ALIASES TO RENAME COLUMN HEADING
SELECT CONCAT(FIRST_NAME,' ',LAST_NAME) AS FULL_NAME FROM EMPLOYEES;
/*
FULL_NAME
----------------
SRAVANI BODAPATI
NIRAJA KAMANA
MANISHA SHAK
LAVANYA PONDARU
MANOJ PITANI
GANESH ANUKULA
*/
